tracks: 
0 - [(10, b'r_front_begin_track_joint', 0, 11, 10, 1, 0.0, 0.0, 0.0, -1.0, 0.0, 0.0, b'r_front_starts_track', (0.0, 1.0, 0.0), (0.0, 0.0, 0.0), (0.0, 0.0, 0.0, 1.0), 9), (12, b'r_front_final_track_joint', 0, 12, 11, 1, 0.0, 0.0, 0.0, -1.0, 30.0, 1.0, b'r_front_ends_track', (0.0, 1.0, 0.0), (0.095, 0.0, 0.0), (0.0, 0.0, 0.0, 1.0), 11)]
----------------------------------------
1 - [(20, b'r_back_begin_track_joint', 0, 17, 16, 1, 0.0, 0.0, 0.0, -1.0, 0.0, 0.0, b'r_back_starts_track', (0.0, 1.0, 0.0), (0.0, 0.0, 0.0), (0.0, 0.0, 0.0, 1.0), 19), (22, b'r_back_final_track_joint', 0, 18, 17, 1, 0.0, 0.0, 0.0, -1.0, 30.0, 1.0, b'r_back_ends_track', (0.0, 1.0, 0.0), (-0.095, 0.0, 0.0), (0.0, 0.0, 0.0, 1.0), 21)]
----------------------------------------
2 - [(32, b'l_front_begin_track_joint', 0, 23, 22, 1, 0.0, 0.0, 0.0, -1.0, 0.0, 0.0, b'l_front_starts_track', (0.0, 1.0, 0.0), (0.0, 0.0, 0.0), (0.0, 0.0, 0.0, 1.0), 31), (34, b'l_front_final_track_joint', 0, 24, 23, 1, 0.0, 0.0, 0.0, -1.0, 0.0, 0.0, b'l_front_ends_track', (0.0, 1.0, 0.0), (0.095, 0.0, 0.0), (0.0, 0.0, 0.0, 1.0), 33)]
----------------------------------------
3 - [(42, b'l_back_begin_track_joint', 0, 29, 28, 1, 0.0, 0.0, 0.0, -1.0, 0.0, 0.0, b'l_back_starts_track', (0.0, 1.0, 0.0), (0.0, 0.0, 0.0), (0.0, 0.0, 0.0, 1.0), 41), (44, b'l_back_final_track_joint', 0, 30, 29, 1, 0.0, 0.0, 0.0, -1.0, 0.0, 0.0, b'l_back_ends_track', (0.0, 1.0, 0.0), (-0.095, 0.0, 0.0), (0.0, 0.0, 0.0, 1.0), 43)]
----------------------------------------
________________________________________
limb joints: 
0 - (3, b'r_front_shoulder_to_body', 0, 7, 6, 1, 0.0, 0.0, -1.57075, 1.57075, 1000.0, 0.5, b'r_front_shoulder_cylinder', (1.0, 0.0, 0.0), (0.12, 0.0, 0.0), (0.0, 0.0, 0.0, 1.0), 2)
----------------------------------------
1 - (5, b'r_front_shoulder2_to_shoulder', 0, 8, 7, 1, 0.0, 0.0, 0.0, -1.0, 30.0, 1.0, b'r_front_shoulder2_base', (0.0, 1.0, 0.0), (0.0, 0.02, 0.0), (0.0, 0.0, 0.0, 1.0), 4)
----------------------------------------
2 - (7, b'r_front_shoulder2_to_knee', 0, 9, 8, 1, 0.0, 0.0, 0.0, -1.0, 30.0, 1.0, b'r_front_knee_base', (0.0, 1.0, 0.0), (0.0, 0.052, 0.0), (0.0, 0.0, 0.0, 1.0), 6)
----------------------------------------
3 - (9, b'r_front_ankle', 0, 10, 9, 1, 0.0, 0.0, 0.0, -1.0, 30.0, 1.0, b'r_front_jointed_track', (0.0, 1.0, 0.0), (0.0, 0.032, 0.0), (0.0, 0.0, 0.0, 1.0), 8)
----------------------------------------
4 - (13, b'r_back_shoulder_to_body', 0, 13, 12, 1, 0.0, 0.0, -1.57075, 1.57075, 1000.0, 0.5, b'r_back_shoulder_cylinder', (1.0, 0.0, 0.0), (-0.12, 0.0, 0.0), (0.0, 0.0, 0.0, 1.0), 2)
----------------------------------------
5 - (15, b'r_back_shoulder2_to_shoulder', 0, 14, 13, 1, 0.0, 0.0, 0.0, -1.0, 30.0, 1.0, b'r_back_shoulder2_base', (0.0, 1.0, 0.0), (0.0, 0.02, 0.0), (0.0, 0.0, 0.0, 1.0), 14)
----------------------------------------
6 - (17, b'r_back_shoulder2_to_knee', 0, 15, 14, 1, 0.0, 0.0, 0.0, -1.0, 30.0, 1.0, b'r_back_knee_base', (0.0, 1.0, 0.0), (0.0, 0.052, 0.0), (0.0, 0.0, 0.0, 1.0), 16)
----------------------------------------
7 - (19, b'r_back_ankle', 0, 16, 15, 1, 0.0, 0.0, 0.0, -1.0, 30.0, 1.0, b'r_back_jointed_track', (0.0, 1.0, 0.0), (0.0, 0.032, 0.0), (0.0, 0.0, 0.0, 1.0), 18)
----------------------------------------
8 - (25, b'l_front_shoulder_to_body', 0, 19, 18, 1, 0.0, 0.0, -1.57075, 1.57075, 1000.0, 0.5, b'l_front_shoulder_cylinder', (1.0, 0.0, 0.0), (0.12, 0.0, 0.0), (0.0, 0.0, 0.0, 1.0), 24)
----------------------------------------
9 - (27, b'l_front_shoulder2_to_shoulder', 0, 20, 19, 1, 0.0, 0.0, 0.0, -1.0, 30.0, 1.0, b'l_front_shoulder2_base', (0.0, 1.0, 0.0), (0.0, -0.02, 0.0), (0.0, 0.0, 0.0, 1.0), 26)
----------------------------------------
10 - (29, b'l_front_shoulder2_to_knee', 0, 21, 20, 1, 0.0, 0.0, 0.0, -1.0, 0.0, 0.0, b'l_front_knee_base', (0.0, 1.0, 0.0), (0.0, -0.052, 0.0), (0.0, 0.0, 0.0, 1.0), 28)
----------------------------------------
11 - (31, b'l_front_ankle', 0, 22, 21, 1, 0.0, 0.0, 0.0, -1.0, 0.0, 0.0, b'l_front_jointed_track', (0.0, 1.0, 0.0), (0.0, -0.032, 0.0), (0.0, 0.0, 0.0, 1.0), 30)
----------------------------------------
12 - (35, b'l_back_shoulder_to_body', 0, 25, 24, 1, 0.0, 0.0, -1.57075, 1.57075, 1000.0, 0.5, b'l_back_shoulder_cylinder', (1.0, 0.0, 0.0), (-0.12, 0.0, 0.0), (0.0, 0.0, 0.0, 1.0), 24)
----------------------------------------
13 - (37, b'l_back_shoulder2_to_shoulder', 0, 26, 25, 1, 0.0, 0.0, 0.0, -1.0, 30.0, 1.0, b'l_back_shoulder2_base', (0.0, 1.0, 0.0), (0.0, -0.02, 0.0), (0.0, 0.0, 0.0, 1.0), 36)
----------------------------------------
14 - (39, b'l_back_shoulder2_to_knee', 0, 27, 26, 1, 0.0, 0.0, 0.0, -1.0, 0.0, 0.0, b'l_back_knee_base', (0.0, 1.0, 0.0), (0.0, -0.052, 0.0), (0.0, 0.0, 0.0, 1.0), 38)
----------------------------------------
15 - (41, b'l_back_ankle', 0, 28, 27, 1, 0.0, 0.0, 0.0, -1.0, 0.0, 0.0, b'l_back_jointed_track', (0.0, 1.0, 0.0), (0.0, -0.032, 0.0), (0.0, 0.0, 0.0, 1.0), 40)
----------------------------------------